11 bit studios SA
707,00
+0,28
2 248 000
2,01
3,3162
+0,0057
AB SA
102,00
+2,00
12 761 000
1,65
0,1007
+0,0329
ASBISc Enterprises plc.
25,42
+0,71
35 051 000
1,13
0,8024
+0,0080
AmRest Holdings SE
26,05
+2,16
60 984 000
2,01
3,3948
+0,0434
Arctic Paper SA
22,78
-0,87
22 082 000
0,64
1,5703
-0,0055
Asseco Poland SA
83,70
+0,18
51 476 000
5,45
2,4343
+0,0098
Auto Partner SA
24,30
0,00
73 675 000
2,27
2,2206
0,0000
Bank Handlowy w Warszawie SA
102,40
-0,58
32 662 000
4,23
2,5527
-0,0247
Bank Millennium SA
8,45
-2,82
605 345 000
6,47
6,3314
-0,1824
Benefit Systems SA
2 865,00
-1,04
2 012 000
7,30
1,8979
-0,0756
CCC SA
144,90
+0,76
45 912 000
8,42
21,8581
+0,0644
CI Games SE
1,74
+2,30
93 240 000
0,21
0,5012
+0,0047
Cognor Holding SA
8,69
+2,48
37 994 000
0,42
0,5242
+0,0103
Comarch SA
259,50
+0,19
5 290 000
1,74
0,6423
+0,0034
Develia SA
6,26
0,00
452 280 000
3,58
0,3649
0,0000
Dom Development SA
178,00
-0,89
10 203 000
2,30
0,9598
-0,0205
Enea SA
10,10
-0,59
252 715 000
3,23
2,4760
-0,0191
Eurocash SA
13,15
-0,68
77 875 000
1,30
1,8348
-0,0088
GPW SA
45,85
-1,50
27 199 000
1,58
1,2350
-0,0237
GreenX Metals Ltd.
2,40
-2,76
134 987 000
0,41
0,8054
-0,0113
Grenevia SA
2,48
-1,19
283 948 000
0,89
0,1744
-0,0107
Grupa Azoty SA
22,16
-0,36
46 803 000
1,31
2,1327
-0,0047
Grupa Pracuj SA
59,80
-0,66
22 012 000
1,67
0,5280
-0,0111
Huuuge, Inc.
22,60
+0,89
33 716 000
0,96
4,5609
+0,0086
ING Bank Śląski SA
286,50
0,00
25 536 000
9,26
9,8149
0,0000
Inter Cars SA
533,00
-1,30
9 164 000
6,18
0,5963
-0,0801
LW Bogdanka SA
29,24
-0,95
12 051 000
0,45
1,1752
-0,0042
Mo-Bruk SA
311,00
-1,11
2 810 000
1,11
0,6718
-0,0123
Neuca SA
937,00
0,00
1 647 000
1,95
0,1413
0,0000
PKP Cargo SA
14,30
+2,58
30 002 000
0,54
1,3746
+0,0140
Polimex Mostostal SA
3,39
+2,48
85 618 000
0,37
0,8895
+0,0091
Rainbow Tours SA
104,40
+0,19
9 222 000
1,22
1,5541
+0,0023
Ryvu Therapeutics SA
53,30
-1,30
14 971 000
1,01
0,0505
-0,0131
Selvita SA
66,00
0,00
14 442 000
1,21
0,1113
0,0000
Synektik SA
145,80
-0,14
4 252 000
0,78
1,0990
-0,0011
Tauron PE SA
3,95
-0,75
1 043 590 000
5,22
5,1253
-0,0393
Ten Square Games SA
86,50
+0,23
4 888 000
0,54
0,5448
+0,0012
Text SA
85,20
+0,35
15 124 000
1,63
4,5128
+0,0058
WP Holding SA
112,00
+0,36
17 987 000
2,55
0,1444
+0,0091
XTB DM SA